
 LOD - Level of details
 ----------------------

1             1 - минимально возможный
2             2
3             4
4             8
5            16
6            32
7            64
8           128
9           256
10          512  - базовый уровень
11        1 024
12        2 048
13        4 096
14        8 192
15       16 384
16       32 768
17       65 536
18      131 072
19      262 144
20      524 288
21    1 048 576
22    2 097 152
23    4 194 304
24    8 388 608
25   16 777 216 - Non-sign bits in float: 24 (=16 777 215)
26   33 554 432
27   67 108 864
28  134 217 728
29  268 435 456
30  536 870 912 - максимальный

